42 80 84
0.850651 0.525731 0.000000
-0.850651 0.525731 0.000000
-0.850651 -0.525731 0.000000
0.850651 -0.525731 0.000000
0.525731 0.000000 0.850651
0.525731 0.000000 -0.850651
-0.525731 0.000000 -0.850651
-0.525731 0.000000 0.850651
0.000000 0.850651 0.525731
0.000000 -0.850651 0.525731
0.000000 -0.850651 -0.525731
0.000000 0.850651 -0.525731
0.309017 0.500000 0.809017
-0.309017 0.500000 0.809017
0.000000 0.000000 1.000000
-0.309017 -0.500000 0.809017
0.309017 -0.500000 0.809017
0.000000 0.000000 -1.000000
-0.309017 0.500000 -0.809017
0.309017 0.500000 -0.809017
0.309017 -0.500000 -0.809017
-0.309017 -0.500000 -0.809017
0.809017 0.309017 0.500000
0.809017 -0.309017 0.500000
1.000000 0.000000 0.000000
0.809017 -0.309017 -0.500000
0.809017 0.309017 -0.500000
-0.809017 -0.309017 0.500000
-0.809017 0.309017 0.500000
-1.000000 0.000000 0.000000
-0.809017 0.309017 -0.500000
-0.809017 -0.309017 -0.500000
0.500000 0.809017 0.309017
0.500000 0.809017 -0.309017
0.000000 1.000000 0.000000
-0.500000 0.809017 -0.309017
-0.500000 0.809017 0.309017
0.000000 -1.000000 0.000000
0.500000 -0.809017 -0.309017
0.500000 -0.809017 0.309017
-0.500000 -0.809017 0.309017
-0.500000 -0.809017 -0.309017
4 12 14
14 12 13
14 13 7
12 8 13
4 14 16
16 14 15
16 15 9
14 7 15
5 17 19
19 17 18
19 18 11
17 6 18
5 20 17
17 20 21
17 21 6
20 10 21
0 22 24
24 22 23
24 23 3
22 4 23
0 24 26
26 24 25
26 25 5
24 3 25
2 27 29
29 27 28
29 28 1
27 7 28
2 29 31
31 29 30
31 30 6
29 1 30
8 32 34
34 32 33
34 33 11
32 0 33
8 34 36
36 34 35
36 35 1
34 11 35
9 37 39
39 37 38
39 38 3
37 10 38
9 40 37
37 40 41
37 41 10
40 2 41
8 12 32
32 12 22
32 22 0
12 4 22
11 33 19
19 33 26
19 26 5
33 0 26
4 16 23
23 16 39
23 39 3
16 9 39
5 25 20
20 25 38
20 38 10
25 3 38
7 13 28
28 13 36
28 36 1
13 8 36
6 30 18
18 30 35
18 35 11
30 1 35
7 27 15
15 27 40
15 40 9
27 2 40
6 21 31
31 21 41
31 41 2
21 10 41
