130 256 260
0.577350 0.577350 0.577350
-0.577350 -0.577350 0.577350
-0.577350 0.577350 -0.577350
0.577350 -0.577350 -0.577350
0.000000 1.000000 0.000000
-1.000000 0.000000 0.000000
0.000000 0.000000 1.000000
0.000000 -1.000000 0.000000
1.000000 0.000000 0.000000
0.000000 0.000000 -1.000000
0.325058 0.888074 0.325058
0.000000 0.707107 0.707107
0.325058 0.325058 0.888074
-0.707107 0.707107 0.000000
-0.707107 0.000000 0.707107
-0.888074 -0.325058 0.325058
-0.325058 -0.325058 0.888074
-0.325058 0.888074 -0.325058
-0.888074 0.325058 -0.325058
0.707107 0.000000 0.707107
0.888074 0.325058 0.325058
0.000000 -0.707107 0.707107
0.707107 -0.707107 0.000000
0.325058 -0.888074 -0.325058
0.888074 -0.325058 -0.325058
-0.325058 -0.888074 0.325058
-0.325058 0.325058 -0.888074
-0.707107 0.000000 -0.707107
0.000000 -0.707107 -0.707107
-0.707107 -0.707107 0.000000
0.325058 -0.325058 -0.888074
0.707107 0.000000 -0.707107
0.000000 0.707107 -0.707107
0.707107 0.707107 0.000000
0.464385 0.754117 0.464385
0.354349 0.661225 0.661225
0.464385 0.464385 0.754117
0.168634 0.827549 0.535467
0.168634 0.535467 0.827549
0.000000 0.382683 0.923880
0.167277 0.167277 0.971616
0.167277 0.971616 0.167277
0.000000 0.923880 0.382683
-0.408248 0.408248 0.816497
-0.382683 0.000000 0.923880
-0.408248 0.816497 0.408248
-0.816497 0.408248 0.408248
-0.923880 0.382683 0.000000
-0.923880 0.000000 0.382683
-0.382683 0.923880 0.000000
-0.535467 -0.168634 0.827549
-0.167277 -0.167277 0.971616
-0.827549 -0.168634 0.535467
-0.661225 -0.354349 0.661225
-0.754117 -0.464385 0.464385
-0.464385 -0.464385 0.754117
-0.971616 -0.167277 0.167277
-0.167277 0.971616 -0.167277
-0.535467 0.827549 -0.168634
-0.661225 0.661225 -0.354349
-0.827549 0.535467 -0.168634
-0.971616 0.167277 -0.167277
-0.464385 0.754117 -0.464385
-0.754117 0.464385 -0.464385
0.661225 0.354349 0.661225
0.754117 0.464385 0.464385
0.535467 0.168634 0.827549
0.827549 0.168634 0.535467
0.923880 0.000000 0.382683
0.971616 0.167277 0.167277
0.382683 0.000000 0.923880
0.816497 -0.408248 0.408248
0.923880 -0.382683 0.000000
0.408248 -0.408248 0.816497
0.408248 -0.816497 0.408248
0.000000 -0.923880 0.382683
0.382683 -0.923880 0.000000
0.000000 -0.382683 0.923880
0.827549 -0.535467 -0.168634
0.971616 -0.167277 -0.167277
0.535467 -0.827549 -0.168634
0.661225 -0.661225 -0.354349
0.464385 -0.754117 -0.464385
0.754117 -0.464385 -0.464385
0.167277 -0.971616 -0.167277
-0.168634 -0.535467 0.827549
-0.354349 -0.661225 0.661225
-0.168634 -0.827549 0.535467
-0.167277 -0.971616 0.167277
-0.464385 -0.754117 0.464385
-0.464385 0.464385 -0.754117
-0.661225 0.354349 -0.661225
-0.535467 0.168634 -0.827549
-0.827549 0.168634 -0.535467
-0.923880 0.000000 -0.382683
-0.167277 0.167277 -0.971616
-0.382683 0.000000 -0.923880
-0.816497 -0.408248 -0.408248
-0.923880 -0.382683 0.000000
-0.408248 -0.408248 -0.816497
-0.408248 -0.816497 -0.408248
0.000000 -0.923880 -0.382683
-0.382683 -0.923880 0.000000
0.000000 -0.382683 -0.923880
-0.827549 -0.535467 0.168634
-0.535467 -0.827549 0.168634
-0.661225 -0.661225 0.354349
0.167277 -0.167277 -0.971616
0.168634 -0.535467 -0.827549
0.354349 -0.661225 -0.661225
0.168634 -0.827549 -0.535467
0.464385 -0.464385 -0.754117
0.661225 -0.354349 -0.661225
0.535467 -0.168634 -0.827549
0.827549 -0.168634 -0.535467
0.923880 0.000000 -0.382683
0.382683 0.000000 -0.923880
0.816497 0.408248 -0.408248
0.923880 0.382683 0.000000
0.408248 0.408248 -0.816497
0.408248 0.816497 -0.408248
0.000000 0.923880 -0.382683
0.382683 0.923880 0.000000
0.000000 0.382683 -0.923880
0.827549 0.535467 0.168634
0.535467 0.827549 0.168634
0.661225 0.661225 0.354349
-0.168634 0.535467 -0.827549
-0.354349 0.661225 -0.661225
-0.168634 0.827549 -0.535467
0 34 36
36 34 35
36 35 12
34 10 35
12 35 38
38 35 37
38 37 11
35 10 37
12 38 40
40 38 39
40 39 6
38 11 39
10 41 37
37 41 42
37 42 11
41 4 42
6 39 44
44 39 43
44 43 14
39 11 43
14 43 46
46 43 45
46 45 13
43 11 45
14 46 48
48 46 47
48 47 5
46 13 47
11 42 45
45 42 49
45 49 13
42 4 49
6 44 51
51 44 50
51 50 16
44 14 50
16 50 53
53 50 52
53 52 15
50 14 52
16 53 55
55 53 54
55 54 1
53 15 54
14 48 52
52 48 56
52 56 15
48 5 56
4 57 49
49 57 58
49 58 13
57 17 58
13 58 60
60 58 59
60 59 18
58 17 59
13 60 47
47 60 61
47 61 5
60 18 61
17 62 59
59 62 63
59 63 18
62 2 63
0 36 65
65 36 64
65 64 20
36 12 64
20 64 67
67 64 66
67 66 19
64 12 66
20 67 69
69 67 68
69 68 8
67 19 68
12 40 66
66 40 70
66 70 19
40 6 70
8 68 72
72 68 71
72 71 22
68 19 71
22 71 74
74 71 73
74 73 21
71 19 73
22 74 76
76 74 75
76 75 7
74 21 75
19 70 73
73 70 77
73 77 21
70 6 77
8 72 79
79 72 78
79 78 24
72 22 78
24 78 81
81 78 80
81 80 23
78 22 80
24 81 83
83 81 82
83 82 3
81 23 82
22 76 80
80 76 84
80 84 23
76 7 84
6 51 77
77 51 85
77 85 21
51 16 85
21 85 87
87 85 86
87 86 25
85 16 86
21 87 75
75 87 88
75 88 7
87 25 88
16 55 86
86 55 89
86 89 25
55 1 89
2 90 63
63 90 91
63 91 18
90 26 91
18 91 93
93 91 92
93 92 27
91 26 92
18 93 61
61 93 94
61 94 5
93 27 94
26 95 92
92 95 96
92 96 27
95 9 96
5 94 98
98 94 97
98 97 29
94 27 97
29 97 100
100 97 99
100 99 28
97 27 99
29 100 102
102 100 101
102 101 7
100 28 101
27 96 99
99 96 103
99 103 28
96 9 103
5 98 56
56 98 104
56 104 15
98 29 104
15 104 106
106 104 105
106 105 25
104 29 105
15 106 54
54 106 89
54 89 1
106 25 89
29 102 105
105 102 88
105 88 25
102 7 88
9 107 103
103 107 108
103 108 28
107 30 108
28 108 110
110 108 109
110 109 23
108 30 109
28 110 101
101 110 84
101 84 7
110 23 84
30 111 109
109 111 82
109 82 23
111 3 82
3 111 83
83 111 112
83 112 24
111 30 112
24 112 114
114 112 113
114 113 31
112 30 113
24 114 79
79 114 115
79 115 8
114 31 115
30 107 113
113 107 116
113 116 31
107 9 116
8 115 118
118 115 117
118 117 33
115 31 117
33 117 120
120 117 119
120 119 32
117 31 119
33 120 122
122 120 121
122 121 4
120 32 121
31 116 119
119 116 123
119 123 32
116 9 123
8 118 69
69 118 124
69 124 20
118 33 124
20 124 126
126 124 125
126 125 10
124 33 125
20 126 65
65 126 34
65 34 0
126 10 34
33 122 125
125 122 41
125 41 10
122 4 41
9 95 123
123 95 127
123 127 32
95 26 127
32 127 129
129 127 128
129 128 17
127 26 128
32 129 121
121 129 57
121 57 4
129 17 57
26 90 128
128 90 62
128 62 17
90 2 62
