34 64 68
0.577350 0.577350 0.577350
-0.577350 -0.577350 0.577350
-0.577350 0.577350 -0.577350
0.577350 -0.577350 -0.577350
0.000000 1.000000 0.000000
-1.000000 0.000000 0.000000
0.000000 0.000000 1.000000
0.000000 -1.000000 0.000000
1.000000 0.000000 0.000000
0.000000 0.000000 -1.000000
0.325058 0.888074 0.325058
0.000000 0.707107 0.707107
0.325058 0.325058 0.888074
-0.707107 0.707107 0.000000
-0.707107 0.000000 0.707107
-0.888074 -0.325058 0.325058
-0.325058 -0.325058 0.888074
-0.325058 0.888074 -0.325058
-0.888074 0.325058 -0.325058
0.707107 0.000000 0.707107
0.888074 0.325058 0.325058
0.000000 -0.707107 0.707107
0.707107 -0.707107 0.000000
0.325058 -0.888074 -0.325058
0.888074 -0.325058 -0.325058
-0.325058 -0.888074 0.325058
-0.325058 0.325058 -0.888074
-0.707107 0.000000 -0.707107
0.000000 -0.707107 -0.707107
-0.707107 -0.707107 0.000000
0.325058 -0.325058 -0.888074
0.707107 0.000000 -0.707107
0.000000 0.707107 -0.707107
0.707107 0.707107 0.000000
0 10 12
12 10 11
12 11 6
10 4 11
6 11 14
14 11 13
14 13 5
11 4 13
6 14 16
16 14 15
16 15 1
14 5 15
4 17 13
13 17 18
13 18 5
17 2 18
0 12 20
20 12 19
20 19 8
12 6 19
8 19 22
22 19 21
22 21 7
19 6 21
8 22 24
24 22 23
24 23 3
22 7 23
6 16 21
21 16 25
21 25 7
16 1 25
2 26 18
18 26 27
18 27 5
26 9 27
5 27 29
29 27 28
29 28 7
27 9 28
5 29 15
15 29 25
15 25 1
29 7 25
9 30 28
28 30 23
28 23 7
30 3 23
3 30 24
24 30 31
24 31 8
30 9 31
8 31 33
33 31 32
33 32 4
31 9 32
8 33 20
20 33 10
20 10 0
33 4 10
9 26 32
32 26 17
32 17 4
26 2 17
