162 320 324
0.850651 0.525731 0.000000
-0.850651 0.525731 0.000000
-0.850651 -0.525731 0.000000
0.850651 -0.525731 0.000000
0.525731 0.000000 0.850651
0.525731 0.000000 -0.850651
-0.525731 0.000000 -0.850651
-0.525731 0.000000 0.850651
0.000000 0.850651 0.525731
0.000000 -0.850651 0.525731
0.000000 -0.850651 -0.525731
0.000000 0.850651 -0.525731
0.309017 0.500000 0.809017
-0.309017 0.500000 0.809017
0.000000 0.000000 1.000000
-0.309017 -0.500000 0.809017
0.309017 -0.500000 0.809017
0.000000 0.000000 -1.000000
-0.309017 0.500000 -0.809017
0.309017 0.500000 -0.809017
0.309017 -0.500000 -0.809017
-0.309017 -0.500000 -0.809017
0.809017 0.309017 0.500000
0.809017 -0.309017 0.500000
1.000000 0.000000 0.000000
0.809017 -0.309017 -0.500000
0.809017 0.309017 -0.500000
-0.809017 -0.309017 0.500000
-0.809017 0.309017 0.500000
-1.000000 0.000000 0.000000
-0.809017 0.309017 -0.500000
-0.809017 -0.309017 -0.500000
0.500000 0.809017 0.309017
0.500000 0.809017 -0.309017
0.000000 1.000000 0.000000
-0.500000 0.809017 -0.309017
-0.500000 0.809017 0.309017
0.000000 -1.000000 0.000000
0.500000 -0.809017 -0.309017
0.500000 -0.809017 0.309017
-0.500000 -0.809017 0.309017
-0.500000 -0.809017 -0.309017
0.433889 0.259892 0.862669
0.162460 0.262866 0.951057
0.273266 0.000000 0.961938
0.000000 0.525731 0.850651
-0.162460 0.262866 0.951057
-0.433889 0.259892 0.862669
-0.273266 0.000000 0.961938
0.160622 0.702046 0.693780
-0.160622 0.702046 0.693780
0.162460 -0.262866 0.951057
0.433889 -0.259892 0.862669
-0.162460 -0.262866 0.951057
0.000000 -0.525731 0.850651
-0.160622 -0.702046 0.693780
0.160622 -0.702046 0.693780
-0.433889 -0.259892 0.862669
0.273266 0.000000 -0.961938
0.162460 0.262866 -0.951057
0.433889 0.259892 -0.862669
-0.162460 0.262866 -0.951057
0.000000 0.525731 -0.850651
-0.160622 0.702046 -0.693780
0.160622 0.702046 -0.693780
-0.273266 0.000000 -0.961938
-0.433889 0.259892 -0.862669
0.433889 -0.259892 -0.862669
0.162460 -0.262866 -0.951057
0.000000 -0.525731 -0.850651
-0.162460 -0.262866 -0.951057
-0.433889 -0.259892 -0.862669
0.160622 -0.702046 -0.693780
-0.160622 -0.702046 -0.693780
0.862669 0.433889 0.259892
0.951057 0.162460 0.262866
0.961938 0.273266 0.000000
0.850651 0.000000 0.525731
0.951057 -0.162460 0.262866
0.862669 -0.433889 0.259892
0.961938 -0.273266 0.000000
0.693780 0.160622 0.702046
0.693780 -0.160622 0.702046
0.951057 0.162460 -0.262866
0.862669 0.433889 -0.259892
0.951057 -0.162460 -0.262866
0.850651 0.000000 -0.525731
0.693780 -0.160622 -0.702046
0.693780 0.160622 -0.702046
0.862669 -0.433889 -0.259892
-0.862669 -0.433889 0.259892
-0.951057 -0.162460 0.262866
-0.961938 -0.273266 0.000000
-0.850651 0.000000 0.525731
-0.951057 0.162460 0.262866
-0.862669 0.433889 0.259892
-0.961938 0.273266 0.000000
-0.693780 -0.160622 0.702046
-0.693780 0.160622 0.702046
-0.951057 -0.162460 -0.262866
-0.862669 -0.433889 -0.259892
-0.951057 0.162460 -0.262866
-0.850651 0.000000 -0.525731
-0.693780 0.160622 -0.702046
-0.693780 -0.160622 -0.702046
-0.862669 0.433889 -0.259892
0.259892 0.862669 0.433889
0.262866 0.951057 0.162460
0.000000 0.961938 0.273266
0.525731 0.850651 0.000000
0.262866 0.951057 -0.162460
0.259892 0.862669 -0.433889
0.000000 0.961938 -0.273266
0.702046 0.693780 0.160622
0.702046 0.693780 -0.160622
-0.262866 0.951057 0.162460
-0.259892 0.862669 0.433889
-0.262866 0.951057 -0.162460
-0.525731 0.850651 0.000000
-0.702046 0.693780 -0.160622
-0.702046 0.693780 0.160622
-0.259892 0.862669 -0.433889
0.000000 -0.961938 0.273266
0.262866 -0.951057 0.162460
0.259892 -0.862669 0.433889
0.262866 -0.951057 -0.162460
0.525731 -0.850651 0.000000
0.702046 -0.693780 -0.160622
0.702046 -0.693780 0.160622
0.000000 -0.961938 -0.273266
0.259892 -0.862669 -0.433889
-0.259892 -0.862669 0.433889
-0.262866 -0.951057 0.162460
-0.525731 -0.850651 0.000000
-0.262866 -0.951057 -0.162460
-0.259892 -0.862669 -0.433889
-0.702046 -0.693780 0.160622
-0.702046 -0.693780 -0.160622
0.425325 0.688191 0.587785
0.587785 0.425325 0.688191
0.688191 0.587785 0.425325
0.425325 0.688191 -0.587785
0.688191 0.587785 -0.425325
0.587785 0.425325 -0.688191
0.587785 -0.425325 0.688191
0.425325 -0.688191 0.587785
0.688191 -0.587785 0.425325
0.587785 -0.425325 -0.688191
0.688191 -0.587785 -0.425325
0.425325 -0.688191 -0.587785
-0.587785 0.425325 0.688191
-0.425325 0.688191 0.587785
-0.688191 0.587785 0.425325
-0.587785 0.425325 -0.688191
-0.688191 0.587785 -0.425325
-0.425325 0.688191 -0.587785
-0.587785 -0.425325 0.688191
-0.688191 -0.587785 0.425325
-0.425325 -0.688191 0.587785
-0.587785 -0.425325 -0.688191
-0.425325 -0.688191 -0.587785
-0.688191 -0.587785 -0.425325
4 42 44
44 42 43
44 43 14
42 12 43
14 43 46
46 43 45
46 45 13
43 12 45
14 46 48
48 46 47
48 47 7
46 13 47
12 49 45
45 49 50
45 50 13
49 8 50
4 44 52
52 44 51
52 51 16
44 14 51
16 51 54
54 51 53
54 53 15
51 14 53
16 54 56
56 54 55
56 55 9
54 15 55
14 48 53
53 48 57
53 57 15
48 7 57
5 58 60
60 58 59
60 59 19
58 17 59
19 59 62
62 59 61
62 61 18
59 17 61
19 62 64
64 62 63
64 63 11
62 18 63
17 65 61
61 65 66
61 66 18
65 6 66
5 67 58
58 67 68
58 68 17
67 20 68
17 68 70
70 68 69
70 69 21
68 20 69
17 70 65
65 70 71
65 71 6
70 21 71
20 72 69
69 72 73
69 73 21
72 10 73
0 74 76
76 74 75
76 75 24
74 22 75
24 75 78
78 75 77
78 77 23
75 22 77
24 78 80
80 78 79
80 79 3
78 23 79
22 81 77
77 81 82
77 82 23
81 4 82
0 76 84
84 76 83
84 83 26
76 24 83
26 83 86
86 83 85
86 85 25
83 24 85
26 86 88
88 86 87
88 87 5
86 25 87
24 80 85
85 80 89
85 89 25
80 3 89
2 90 92
92 90 91
92 91 29
90 27 91
29 91 94
94 91 93
94 93 28
91 27 93
29 94 96
96 94 95
96 95 1
94 28 95
27 97 93
93 97 98
93 98 28
97 7 98
2 92 100
100 92 99
100 99 31
92 29 99
31 99 102
102 99 101
102 101 30
99 29 101
31 102 104
104 102 103
104 103 6
102 30 103
29 96 101
101 96 105
101 105 30
96 1 105
8 106 108
108 106 107
108 107 34
106 32 107
34 107 110
110 107 109
110 109 33
107 32 109
34 110 112
112 110 111
112 111 11
110 33 111
32 113 109
109 113 114
109 114 33
113 0 114
8 108 116
116 108 115
116 115 36
108 34 115
36 115 118
118 115 117
118 117 35
115 34 117
36 118 120
120 118 119
120 119 1
118 35 119
34 112 117
117 112 121
117 121 35
112 11 121
9 122 124
124 122 123
124 123 39
122 37 123
39 123 126
126 123 125
126 125 38
123 37 125
39 126 128
128 126 127
128 127 3
126 38 127
37 129 125
125 129 130
125 130 38
129 10 130
9 131 122
122 131 132
122 132 37
131 40 132
37 132 134
134 132 133
134 133 41
132 40 133
37 134 129
129 134 135
129 135 10
134 41 135
40 136 133
133 136 137
133 137 41
136 2 137
8 49 106
106 49 138
106 138 32
49 12 138
32 138 140
140 138 139
140 139 22
138 12 139
32 140 113
113 140 74
113 74 0
140 22 74
12 42 139
139 42 81
139 81 22
42 4 81
11 111 64
64 111 141
64 141 19
111 33 141
19 141 143
143 141 142
143 142 26
141 33 142
19 143 60
60 143 88
60 88 5
143 26 88
33 114 142
142 114 84
142 84 26
114 0 84
4 52 82
82 52 144
82 144 23
52 16 144
23 144 146
146 144 145
146 145 39
144 16 145
23 146 79
79 146 128
79 128 3
146 39 128
16 56 145
145 56 124
145 124 39
56 9 124
5 87 67
67 87 147
67 147 20
87 25 147
20 147 149
149 147 148
149 148 38
147 25 148
20 149 72
72 149 130
72 130 10
149 38 130
25 89 148
148 89 127
148 127 38
89 3 127
7 47 98
98 47 150
98 150 28
47 13 150
28 150 152
152 150 151
152 151 36
150 13 151
28 152 95
95 152 120
95 120 1
152 36 120
13 50 151
151 50 116
151 116 36
50 8 116
6 103 66
66 103 153
66 153 18
103 30 153
18 153 155
155 153 154
155 154 35
153 30 154
18 155 63
63 155 121
63 121 11
155 35 121
30 105 154
154 105 119
154 119 35
105 1 119
7 97 57
57 97 156
57 156 15
97 27 156
15 156 158
158 156 157
158 157 40
156 27 157
15 158 55
55 158 131
55 131 9
158 40 131
27 90 157
157 90 136
157 136 40
90 2 136
6 71 104
104 71 159
104 159 31
71 21 159
31 159 161
161 159 160
161 160 41
159 21 160
31 161 100
100 161 137
100 137 2
161 41 137
21 73 160
160 73 135
160 135 41
73 10 135
