642 1280 1284
0.850651 0.525731 0.000000
-0.850651 0.525731 0.000000
-0.850651 -0.525731 0.000000
0.850651 -0.525731 0.000000
0.525731 0.000000 0.850651
0.525731 0.000000 -0.850651
-0.525731 0.000000 -0.850651
-0.525731 0.000000 0.850651
0.000000 0.850651 0.525731
0.000000 -0.850651 0.525731
0.000000 -0.850651 -0.525731
0.000000 0.850651 -0.525731
0.309017 0.500000 0.809017
-0.309017 0.500000 0.809017
0.000000 0.000000 1.000000
-0.309017 -0.500000 0.809017
0.309017 -0.500000 0.809017
0.000000 0.000000 -1.000000
-0.309017 0.500000 -0.809017
0.309017 0.500000 -0.809017
0.309017 -0.500000 -0.809017
-0.309017 -0.500000 -0.809017
0.809017 0.309017 0.500000
0.809017 -0.309017 0.500000
1.000000 0.000000 0.000000
0.809017 -0.309017 -0.500000
0.809017 0.309017 -0.500000
-0.809017 -0.309017 0.500000
-0.809017 0.309017 0.500000
-1.000000 0.000000 0.000000
-0.809017 0.309017 -0.500000
-0.809017 -0.309017 -0.500000
0.500000 0.809017 0.309017
0.500000 0.809017 -0.309017
0.000000 1.000000 0.000000
-0.500000 0.809017 -0.309017
-0.500000 0.809017 0.309017
0.000000 -1.000000 0.000000
0.500000 -0.809017 -0.309017
0.500000 -0.809017 0.309017
-0.500000 -0.809017 0.309017
-0.500000 -0.809017 -0.309017
0.433889 0.259892 0.862669
0.162460 0.262866 0.951057
0.273266 0.000000 0.961938
0.000000 0.525731 0.850651
-0.162460 0.262866 0.951057
-0.433889 0.259892 0.862669
-0.273266 0.000000 0.961938
0.160622 0.702046 0.693780
-0.160622 0.702046 0.693780
0.162460 -0.262866 0.951057
0.433889 -0.259892 0.862669
-0.162460 -0.262866 0.951057
0.000000 -0.525731 0.850651
-0.160622 -0.702046 0.693780
0.160622 -0.702046 0.693780
-0.433889 -0.259892 0.862669
0.273266 0.000000 -0.961938
0.162460 0.262866 -0.951057
0.433889 0.259892 -0.862669
-0.162460 0.262866 -0.951057
0.000000 0.525731 -0.850651
-0.160622 0.702046 -0.693780
0.160622 0.702046 -0.693780
-0.273266 0.000000 -0.961938
-0.433889 0.259892 -0.862669
0.433889 -0.259892 -0.862669
0.162460 -0.262866 -0.951057
0.000000 -0.525731 -0.850651
-0.162460 -0.262866 -0.951057
-0.433889 -0.259892 -0.862669
0.160622 -0.702046 -0.693780
-0.160622 -0.702046 -0.693780
0.862669 0.433889 0.259892
0.951057 0.162460 0.262866
0.961938 0.273266 0.000000
0.850651 0.000000 0.525731
0.951057 -0.162460 0.262866
0.862669 -0.433889 0.259892
0.961938 -0.273266 0.000000
0.693780 0.160622 0.702046
0.693780 -0.160622 0.702046
0.951057 0.162460 -0.262866
0.862669 0.433889 -0.259892
0.951057 -0.162460 -0.262866
0.850651 0.000000 -0.525731
0.693780 -0.160622 -0.702046
0.693780 0.160622 -0.702046
0.862669 -0.433889 -0.259892
-0.862669 -0.433889 0.259892
-0.951057 -0.162460 0.262866
-0.961938 -0.273266 0.000000
-0.850651 0.000000 0.525731
-0.951057 0.162460 0.262866
-0.862669 0.433889 0.259892
-0.961938 0.273266 0.000000
-0.693780 -0.160622 0.702046
-0.693780 0.160622 0.702046
-0.951057 -0.162460 -0.262866
-0.862669 -0.433889 -0.259892
-0.951057 0.162460 -0.262866
-0.850651 0.000000 -0.525731
-0.693780 0.160622 -0.702046
-0.693780 -0.160622 -0.702046
-0.862669 0.433889 -0.259892
0.259892 0.862669 0.433889
0.262866 0.951057 0.162460
0.000000 0.961938 0.273266
0.525731 0.850651 0.000000
0.262866 0.951057 -0.162460
0.259892 0.862669 -0.433889
0.000000 0.961938 -0.273266
0.702046 0.693780 0.160622
0.702046 0.693780 -0.160622
-0.262866 0.951057 0.162460
-0.259892 0.862669 0.433889
-0.262866 0.951057 -0.162460
-0.525731 0.850651 0.000000
-0.702046 0.693780 -0.160622
-0.702046 0.693780 0.160622
-0.259892 0.862669 -0.433889
0.000000 -0.961938 0.273266
0.262866 -0.951057 0.162460
0.259892 -0.862669 0.433889
0.262866 -0.951057 -0.162460
0.525731 -0.850651 0.000000
0.702046 -0.693780 -0.160622
0.702046 -0.693780 0.160622
0.000000 -0.961938 -0.273266
0.259892 -0.862669 -0.433889
-0.259892 -0.862669 0.433889
-0.262866 -0.951057 0.162460
-0.525731 -0.850651 0.000000
-0.262866 -0.951057 -0.162460
-0.259892 -0.862669 -0.433889
-0.702046 -0.693780 0.160622
-0.702046 -0.693780 -0.160622
0.425325 0.688191 0.587785
0.587785 0.425325 0.688191
0.688191 0.587785 0.425325
0.425325 0.688191 -0.587785
0.688191 0.587785 -0.425325
0.587785 0.425325 -0.688191
0.587785 -0.425325 0.688191
0.425325 -0.688191 0.587785
0.688191 -0.587785 0.425325
0.587785 -0.425325 -0.688191
0.688191 -0.587785 -0.425325
0.425325 -0.688191 -0.587785
-0.587785 0.425325 0.688191
-0.425325 0.688191 0.587785
-0.688191 0.587785 0.425325
-0.587785 0.425325 -0.688191
-0.688191 0.587785 -0.425325
-0.425325 0.688191 -0.587785
-0.587785 -0.425325 0.688191
-0.688191 -0.587785 0.425325
-0.425325 -0.688191 0.587785
-0.587785 -0.425325 -0.688191
-0.425325 -0.688191 -0.587785
-0.688191 -0.587785 -0.425325
0.484442 0.131200 0.864929
0.358229 0.131655 0.924305
0.403355 0.000000 0.915043
0.301259 0.264083 0.916244
0.220117 0.132792 0.966393
0.082242 0.133071 0.987688
0.137952 0.000000 0.990439
0.375039 0.383614 0.843911
0.238677 0.386187 0.891006
0.000000 0.266405 0.963861
-0.082242 0.133071 0.987688
0.082324 0.399607 0.912982
-0.082324 0.399607 0.912982
-0.156434 0.519258 0.840178
-0.238677 0.386187 0.891006
0.156434 0.519258 0.840178
-0.220117 0.132792 0.966393
-0.137952 0.000000 0.990439
-0.301259 0.264083 0.916244
-0.358229 0.131655 0.924305
-0.484442 0.131200 0.864929
-0.403355 0.000000 0.915043
-0.375039 0.383614 0.843911
0.237086 0.606825 0.758652
0.081142 0.620240 0.780204
0.000000 0.711282 0.702907
-0.081142 0.620240 0.780204
-0.237086 0.606825 0.758652
0.081086 0.783843 0.615642
-0.081086 0.783843 0.615642
0.358229 -0.131655 0.924305
0.484442 -0.131200 0.864929
0.220117 -0.132792 0.966393
0.301259 -0.264083 0.916244
0.238677 -0.386187 0.891006
0.375039 -0.383614 0.843911
0.082242 -0.133071 0.987688
0.082324 -0.399607 0.912982
0.156434 -0.519258 0.840178
0.000000 -0.266405 0.963861
-0.082324 -0.399607 0.912982
-0.238677 -0.386187 0.891006
-0.156434 -0.519258 0.840178
-0.082242 -0.133071 0.987688
0.081142 -0.620240 0.780204
0.237086 -0.606825 0.758652
-0.081142 -0.620240 0.780204
0.000000 -0.711282 0.702907
-0.081086 -0.783843 0.615642
0.081086 -0.783843 0.615642
-0.237086 -0.606825 0.758652
-0.220117 -0.132792 0.966393
-0.358229 -0.131655 0.924305
-0.301259 -0.264083 0.916244
-0.375039 -0.383614 0.843911
-0.484442 -0.131200 0.864929
0.403355 0.000000 -0.915043
0.358229 0.131655 -0.924305
0.484442 0.131200 -0.864929
0.220117 0.132792 -0.966393
0.301259 0.264083 -0.916244
0.238677 0.386187 -0.891006
0.375039 0.383614 -0.843911
0.137952 0.000000 -0.990439
0.082242 0.133071 -0.987688
0.082324 0.399607 -0.912982
0.156434 0.519258 -0.840178
0.000000 0.266405 -0.963861
-0.082324 0.399607 -0.912982
-0.238677 0.386187 -0.891006
-0.156434 0.519258 -0.840178
-0.082242 0.133071 -0.987688
0.081142 0.620240 -0.780204
0.237086 0.606825 -0.758652
-0.081142 0.620240 -0.780204
0.000000 0.711282 -0.702907
-0.081086 0.783843 -0.615642
0.081086 0.783843 -0.615642
-0.237086 0.606825 -0.758652
-0.137952 0.000000 -0.990439
-0.220117 0.132792 -0.966393
-0.358229 0.131655 -0.924305
-0.301259 0.264083 -0.916244
-0.375039 0.383614 -0.843911
-0.403355 0.000000 -0.915043
-0.484442 0.131200 -0.864929
0.484442 -0.131200 -0.864929
0.358229 -0.131655 -0.924305
0.301259 -0.264083 -0.916244
0.220117 -0.132792 -0.966393
0.082242 -0.133071 -0.987688
0.375039 -0.383614 -0.843911
0.238677 -0.386187 -0.891006
0.000000 -0.266405 -0.963861
-0.082242 -0.133071 -0.987688
0.082324 -0.399607 -0.912982
-0.082324 -0.399607 -0.912982
-0.156434 -0.519258 -0.840178
-0.238677 -0.386187 -0.891006
0.156434 -0.519258 -0.840178
-0.220117 -0.132792 -0.966393
-0.301259 -0.264083 -0.916244
-0.358229 -0.131655 -0.924305
-0.484442 -0.131200 -0.864929
-0.375039 -0.383614 -0.843911
0.237086 -0.606825 -0.758652
0.081142 -0.620240 -0.780204
0.000000 -0.711282 -0.702907
-0.081142 -0.620240 -0.780204
-0.237086 -0.606825 -0.758652
0.081086 -0.783843 -0.615642
-0.081086 -0.783843 -0.615642
0.864929 0.484442 0.131200
0.924305 0.358229 0.131655
0.915043 0.403355 0.000000
0.916244 0.301259 0.264083
0.966393 0.220117 0.132792
0.987688 0.082242 0.133071
0.990439 0.137952 0.000000
0.843911 0.375039 0.383614
0.891006 0.238677 0.386187
0.963861 0.000000 0.266405
0.987688 -0.082242 0.133071
0.912982 0.082324 0.399607
0.912982 -0.082324 0.399607
0.840178 -0.156434 0.519258
0.891006 -0.238677 0.386187
0.840178 0.156434 0.519258
0.966393 -0.220117 0.132792
0.990439 -0.137952 0.000000
0.916244 -0.301259 0.264083
0.924305 -0.358229 0.131655
0.864929 -0.484442 0.131200
0.915043 -0.403355 0.000000
0.843911 -0.375039 0.383614
0.758652 0.237086 0.606825
0.780204 0.081142 0.620240
0.702907 0.000000 0.711282
0.780204 -0.081142 0.620240
0.758652 -0.237086 0.606825
0.615642 0.081086 0.783843
0.615642 -0.081086 0.783843
0.924305 0.358229 -0.131655
0.864929 0.484442 -0.131200
0.966393 0.220117 -0.132792
0.916244 0.301259 -0.264083
0.891006 0.238677 -0.386187
0.843911 0.375039 -0.383614
0.987688 0.082242 -0.133071
0.912982 0.082324 -0.399607
0.840178 0.156434 -0.519258
0.963861 0.000000 -0.266405
0.912982 -0.082324 -0.399607
0.891006 -0.238677 -0.386187
0.840178 -0.156434 -0.519258
0.987688 -0.082242 -0.133071
0.780204 0.081142 -0.620240
0.758652 0.237086 -0.606825
0.780204 -0.081142 -0.620240
0.702907 0.000000 -0.711282
0.615642 -0.081086 -0.783843
0.615642 0.081086 -0.783843
0.758652 -0.237086 -0.606825
0.966393 -0.220117 -0.132792
0.924305 -0.358229 -0.131655
0.916244 -0.301259 -0.264083
0.843911 -0.375039 -0.383614
0.864929 -0.484442 -0.131200
-0.864929 -0.484442 0.131200
-0.924305 -0.358229 0.131655
-0.915043 -0.403355 0.000000
-0.916244 -0.301259 0.264083
-0.966393 -0.220117 0.132792
-0.987688 -0.082242 0.133071
-0.990439 -0.137952 0.000000
-0.843911 -0.375039 0.383614
-0.891006 -0.238677 0.386187
-0.963861 0.000000 0.266405
-0.987688 0.082242 0.133071
-0.912982 -0.082324 0.399607
-0.912982 0.082324 0.399607
-0.840178 0.156434 0.519258
-0.891006 0.238677 0.386187
-0.840178 -0.156434 0.519258
-0.966393 0.220117 0.132792
-0.990439 0.137952 0.000000
-0.916244 0.301259 0.264083
-0.924305 0.358229 0.131655
-0.864929 0.484442 0.131200
-0.915043 0.403355 0.000000
-0.843911 0.375039 0.383614
-0.758652 -0.237086 0.606825
-0.780204 -0.081142 0.620240
-0.702907 0.000000 0.711282
-0.780204 0.081142 0.620240
-0.758652 0.237086 0.606825
-0.615642 -0.081086 0.783843
-0.615642 0.081086 0.783843
-0.924305 -0.358229 -0.131655
-0.864929 -0.484442 -0.131200
-0.966393 -0.220117 -0.132792
-0.916244 -0.301259 -0.264083
-0.891006 -0.238677 -0.386187
-0.843911 -0.375039 -0.383614
-0.987688 -0.082242 -0.133071
-0.912982 -0.082324 -0.399607
-0.840178 -0.156434 -0.519258
-0.963861 0.000000 -0.266405
-0.912982 0.082324 -0.399607
-0.891006 0.238677 -0.386187
-0.840178 0.156434 -0.519258
-0.987688 0.082242 -0.133071
-0.780204 -0.081142 -0.620240
-0.758652 -0.237086 -0.606825
-0.780204 0.081142 -0.620240
-0.702907 0.000000 -0.711282
-0.615642 0.081086 -0.783843
-0.615642 -0.081086 -0.783843
-0.758652 0.237086 -0.606825
-0.966393 0.220117 -0.132792
-0.924305 0.358229 -0.131655
-0.916244 0.301259 -0.264083
-0.843911 0.375039 -0.383614
-0.864929 0.484442 -0.131200
0.131200 0.864929 0.484442
0.131655 0.924305 0.358229
0.000000 0.915043 0.403355
0.264083 0.916244 0.301259
0.132792 0.966393 0.220117
0.133071 0.987688 0.082242
0.000000 0.990439 0.137952
0.383614 0.843911 0.375039
0.386187 0.891007 0.238677
0.266405 0.963861 0.000000
0.133071 0.987688 -0.082242
0.399607 0.912982 0.082324
0.399607 0.912982 -0.082324
0.519258 0.840178 -0.156434
0.386187 0.891007 -0.238677
0.519258 0.840178 0.156434
0.132792 0.966393 -0.220117
0.000000 0.990439 -0.137952
0.264083 0.916244 -0.301259
0.131655 0.924305 -0.358229
0.131200 0.864929 -0.484442
0.000000 0.915043 -0.403355
0.383614 0.843911 -0.375039
0.606825 0.758652 0.237086
0.620240 0.780204 0.081142
0.711282 0.702907 0.000000
0.620240 0.780204 -0.081142
0.606825 0.758652 -0.237086
0.783843 0.615642 0.081086
0.783843 0.615642 -0.081086
-0.131655 0.924305 0.358229
-0.131200 0.864929 0.484442
-0.132792 0.966393 0.220117
-0.264083 0.916244 0.301259
-0.386187 0.891007 0.238677
-0.383614 0.843911 0.375039
-0.133071 0.987688 0.082242
-0.399607 0.912982 0.082324
-0.519258 0.840178 0.156434
-0.266405 0.963861 0.000000
-0.399607 0.912982 -0.082324
-0.386187 0.891007 -0.238677
-0.519258 0.840178 -0.156434
-0.133071 0.987688 -0.082242
-0.620240 0.780204 0.081142
-0.606825 0.758652 0.237086
-0.620240 0.780204 -0.081142
-0.711282 0.702907 0.000000
-0.783843 0.615642 -0.081086
-0.783843 0.615642 0.081086
-0.606825 0.758652 -0.237086
-0.132792 0.966393 -0.220117
-0.131655 0.924305 -0.358229
-0.264083 0.916244 -0.301259
-0.383614 0.843911 -0.375039
-0.131200 0.864929 -0.484442
0.000000 -0.915043 0.403355
0.131655 -0.924305 0.358229
0.131200 -0.864929 0.484442
0.132792 -0.966393 0.220117
0.264083 -0.916244 0.301259
0.386187 -0.891007 0.238677
0.383614 -0.843911 0.375039
0.000000 -0.990439 0.137952
0.133071 -0.987688 0.082242
0.399607 -0.912982 0.082324
0.519258 -0.840178 0.156434
0.266405 -0.963861 0.000000
0.399607 -0.912982 -0.082324
0.386187 -0.891007 -0.238677
0.519258 -0.840178 -0.156434
0.133071 -0.987688 -0.082242
0.620240 -0.780204 0.081142
0.606825 -0.758652 0.237086
0.620240 -0.780204 -0.081142
0.711282 -0.702907 0.000000
0.783843 -0.615642 -0.081086
0.783843 -0.615642 0.081086
0.606825 -0.758652 -0.237086
0.000000 -0.990439 -0.137952
0.132792 -0.966393 -0.220117
0.131655 -0.924305 -0.358229
0.264083 -0.916244 -0.301259
0.383614 -0.843911 -0.375039
0.000000 -0.915043 -0.403355
0.131200 -0.864929 -0.484442
-0.131200 -0.864929 0.484442
-0.131655 -0.924305 0.358229
-0.264083 -0.916244 0.301259
-0.132792 -0.966393 0.220117
-0.133071 -0.987688 0.082242
-0.383614 -0.843911 0.375039
-0.386187 -0.891007 0.238677
-0.266405 -0.963861 0.000000
-0.133071 -0.987688 -0.082242
-0.399607 -0.912982 0.082324
-0.399607 -0.912982 -0.082324
-0.519258 -0.840178 -0.156434
-0.386187 -0.891007 -0.238677
-0.519258 -0.840178 0.156434
-0.132792 -0.966393 -0.220117
-0.264083 -0.916244 -0.301259
-0.131655 -0.924305 -0.358229
-0.131200 -0.864929 -0.484442
-0.383614 -0.843911 -0.375039
-0.606825 -0.758652 0.237086
-0.620240 -0.780204 0.081142
-0.711282 -0.702907 0.000000
-0.620240 -0.780204 -0.081142
-0.606825 -0.758652 -0.237086
-0.783843 -0.615642 0.081086
-0.783843 -0.615642 -0.081086
0.213023 0.792649 0.571252
0.296005 0.702310 0.647412
0.346153 0.783452 0.516122
0.468430 0.757935 0.453990
0.371748 0.601501 0.707107
0.564254 0.646578 0.513375
0.601501 0.707107 0.371748
0.513375 0.564254 0.646578
0.646578 0.513375 0.564254
0.707107 0.371748 0.601501
0.757935 0.453990 0.468430
0.453990 0.468430 0.757935
0.702310 0.647412 0.296005
0.783452 0.516122 0.346153
0.792649 0.571252 0.213023
0.516122 0.346153 0.783452
0.571252 0.213023 0.792649
0.647412 0.296005 0.702310
0.213023 0.792649 -0.571252
0.346153 0.783452 -0.516122
0.296005 0.702310 -0.647412
0.371748 0.601501 -0.707107
0.468430 0.757935 -0.453990
0.513375 0.564254 -0.646578
0.453990 0.468430 -0.757935
0.564254 0.646578 -0.513375
0.646578 0.513375 -0.564254
0.757935 0.453990 -0.468430
0.707107 0.371748 -0.601501
0.601501 0.707107 -0.371748
0.516122 0.346153 -0.783452
0.647412 0.296005 -0.702310
0.571252 0.213023 -0.792649
0.702310 0.647412 -0.296005
0.792649 0.571252 -0.213023
0.783452 0.516122 -0.346153
0.571252 -0.213023 0.792649
0.516122 -0.346153 0.783452
0.647412 -0.296005 0.702310
0.707107 -0.371748 0.601501
0.453990 -0.468430 0.757935
0.646578 -0.513375 0.564254
0.757935 -0.453990 0.468430
0.513375 -0.564254 0.646578
0.564254 -0.646578 0.513375
0.468430 -0.757935 0.453990
0.601501 -0.707107 0.371748
0.371748 -0.601501 0.707107
0.783452 -0.516122 0.346153
0.702310 -0.647412 0.296005
0.792649 -0.571252 0.213023
0.296005 -0.702310 0.647412
0.213023 -0.792649 0.571252
0.346153 -0.783452 0.516122
0.571252 -0.213023 -0.792649
0.647412 -0.296005 -0.702310
0.516122 -0.346153 -0.783452
0.453990 -0.468430 -0.757935
0.707107 -0.371748 -0.601501
0.513375 -0.564254 -0.646578
0.371748 -0.601501 -0.707107
0.646578 -0.513375 -0.564254
0.564254 -0.646578 -0.513375
0.601501 -0.707107 -0.371748
0.468430 -0.757935 -0.453990
0.757935 -0.453990 -0.468430
0.296005 -0.702310 -0.647412
0.346153 -0.783452 -0.516122
0.213023 -0.792649 -0.571252
0.783452 -0.516122 -0.346153
0.792649 -0.571252 -0.213023
0.702310 -0.647412 -0.296005
-0.571252 0.213023 0.792649
-0.516122 0.346153 0.783452
-0.647412 0.296005 0.702310
-0.707107 0.371748 0.601501
-0.453990 0.468430 0.757935
-0.646578 0.513375 0.564254
-0.757935 0.453990 0.468430
-0.513375 0.564254 0.646578
-0.564254 0.646578 0.513375
-0.468430 0.757935 0.453990
-0.601501 0.707107 0.371748
-0.371748 0.601501 0.707107
-0.783452 0.516122 0.346153
-0.702310 0.647412 0.296005
-0.792649 0.571252 0.213023
-0.296005 0.702310 0.647412
-0.213023 0.792649 0.571252
-0.346153 0.783452 0.516122
-0.571252 0.213023 -0.792649
-0.647412 0.296005 -0.702310
-0.516122 0.346153 -0.783452
-0.453990 0.468430 -0.757935
-0.707107 0.371748 -0.601501
-0.513375 0.564254 -0.646578
-0.371748 0.601501 -0.707107
-0.646578 0.513375 -0.564254
-0.564254 0.646578 -0.513375
-0.601501 0.707107 -0.371748
-0.468430 0.757935 -0.453990
-0.757935 0.453990 -0.468430
-0.296005 0.702310 -0.647412
-0.346153 0.783452 -0.516122
-0.213023 0.792649 -0.571252
-0.783452 0.516122 -0.346153
-0.792649 0.571252 -0.213023
-0.702310 0.647412 -0.296005
-0.571252 -0.213023 0.792649
-0.647412 -0.296005 0.702310
-0.516122 -0.346153 0.783452
-0.453990 -0.468430 0.757935
-0.707107 -0.371748 0.601501
-0.513375 -0.564254 0.646578
-0.371748 -0.601501 0.707107
-0.646578 -0.513375 0.564254
-0.564254 -0.646578 0.513375
-0.601501 -0.707107 0.371748
-0.468430 -0.757935 0.453990
-0.757935 -0.453990 0.468430
-0.296005 -0.702310 0.647412
-0.346153 -0.783452 0.516122
-0.213023 -0.792649 0.571252
-0.783452 -0.516122 0.346153
-0.792649 -0.571252 0.213023
-0.702310 -0.647412 0.296005
-0.571252 -0.213023 -0.792649
-0.516122 -0.346153 -0.783452
-0.647412 -0.296005 -0.702310
-0.707107 -0.371748 -0.601501
-0.453990 -0.468430 -0.757935
-0.646578 -0.513375 -0.564254
-0.757935 -0.453990 -0.468430
-0.513375 -0.564254 -0.646578
-0.564254 -0.646578 -0.513375
-0.468430 -0.757935 -0.453990
-0.601501 -0.707107 -0.371748
-0.371748 -0.601501 -0.707107
-0.783452 -0.516122 -0.346153
-0.702310 -0.647412 -0.296005
-0.792649 -0.571252 -0.213023
-0.296005 -0.702310 -0.647412
-0.213023 -0.792649 -0.571252
-0.346153 -0.783452 -0.516122
4 162 164
164 162 163
164 163 44
162 42 163
44 163 166
166 163 165
166 165 43
163 42 165
44 166 168
168 166 167
168 167 14
166 43 167
42 169 165
165 169 170
165 170 43
169 12 170
14 167 172
172 167 171
172 171 46
167 43 171
46 171 174
174 171 173
174 173 45
171 43 173
46 174 176
176 174 175
176 175 13
174 45 175
43 170 173
173 170 177
173 177 45
170 12 177
14 172 179
179 172 178
179 178 48
172 46 178
48 178 181
181 178 180
181 180 47
178 46 180
48 181 183
183 181 182
183 182 7
181 47 182
46 176 180
180 176 184
180 184 47
176 13 184
12 185 177
177 185 186
177 186 45
185 49 186
45 186 188
188 186 187
188 187 50
186 49 187
45 188 175
175 188 189
175 189 13
188 50 189
49 190 187
187 190 191
187 191 50
190 8 191
4 164 193
193 164 192
193 192 52
164 44 192
52 192 195
195 192 194
195 194 51
192 44 194
52 195 197
197 195 196
197 196 16
195 51 196
44 168 194
194 168 198
194 198 51
168 14 198
16 196 200
200 196 199
200 199 54
196 51 199
54 199 202
202 199 201
202 201 53
199 51 201
54 202 204
204 202 203
204 203 15
202 53 203
51 198 201
201 198 205
201 205 53
198 14 205
16 200 207
207 200 206
207 206 56
200 54 206
56 206 209
209 206 208
209 208 55
206 54 208
56 209 211
211 209 210
211 210 9
209 55 210
54 204 208
208 204 212
208 212 55
204 15 212
14 179 205
205 179 213
205 213 53
179 48 213
53 213 215
215 213 214
215 214 57
213 48 214
53 215 203
203 215 216
203 216 15
215 57 216
48 183 214
214 183 217
214 217 57
183 7 217
5 218 220
220 218 219
220 219 60
218 58 219
60 219 222
222 219 221
222 221 59
219 58 221
60 222 224
224 222 223
224 223 19
222 59 223
58 225 221
221 225 226
221 226 59
225 17 226
19 223 228
228 223 227
228 227 62
223 59 227
62 227 230
230 227 229
230 229 61
227 59 229
62 230 232
232 230 231
232 231 18
230 61 231
59 226 229
229 226 233
229 233 61
226 17 233
19 228 235
235 228 234
235 234 64
228 62 234
64 234 237
237 234 236
237 236 63
234 62 236
64 237 239
239 237 238
239 238 11
237 63 238
62 232 236
236 232 240
236 240 63
232 18 240
17 241 233
233 241 242
233 242 61
241 65 242
61 242 244
244 242 243
244 243 66
242 65 243
61 244 231
231 244 245
231 245 18
244 66 245
65 246 243
243 246 247
243 247 66
246 6 247
5 248 218
218 248 249
218 249 58
248 67 249
58 249 251
251 249 250
251 250 68
249 67 250
58 251 225
225 251 252
225 252 17
251 68 252
67 253 250
250 253 254
250 254 68
253 20 254
17 252 256
256 252 255
256 255 70
252 68 255
70 255 258
258 255 257
258 257 69
255 68 257
70 258 260
260 258 259
260 259 21
258 69 259
68 254 257
257 254 261
257 261 69
254 20 261
17 256 241
241 256 262
241 262 65
256 70 262
65 262 264
264 262 263
264 263 71
262 70 263
65 264 246
246 264 265
246 265 6
264 71 265
70 260 263
263 260 266
263 266 71
260 21 266
20 267 261
261 267 268
261 268 69
267 72 268
69 268 270
270 268 269
270 269 73
268 72 269
69 270 259
259 270 271
259 271 21
270 73 271
72 272 269
269 272 273
269 273 73
272 10 273
0 274 276
276 274 275
276 275 76
274 74 275
76 275 278
278 275 277
278 277 75
275 74 277
76 278 280
280 278 279
280 279 24
278 75 279
74 281 277
277 281 282
277 282 75
281 22 282
24 279 284
284 279 283
284 283 78
279 75 283
78 283 286
286 283 285
286 285 77
283 75 285
78 286 288
288 286 287
288 287 23
286 77 287
75 282 285
285 282 289
285 289 77
282 22 289
24 284 291
291 284 290
291 290 80
284 78 290
80 290 293
293 290 292
293 292 79
290 78 292
80 293 295
295 293 294
295 294 3
293 79 294
78 288 292
292 288 296
292 296 79
288 23 296
22 297 289
289 297 298
289 298 77
297 81 298
77 298 300
300 298 299
300 299 82
298 81 299
77 300 287
287 300 301
287 301 23
300 82 301
81 302 299
299 302 303
299 303 82
302 4 303
0 276 305
305 276 304
305 304 84
276 76 304
84 304 307
307 304 306
307 306 83
304 76 306
84 307 309
309 307 308
309 308 26
307 83 308
76 280 306
306 280 310
306 310 83
280 24 310
26 308 312
312 308 311
312 311 86
308 83 311
86 311 314
314 311 313
314 313 85
311 83 313
86 314 316
316 314 315
316 315 25
314 85 315
83 310 313
313 310 317
313 317 85
310 24 317
26 312 319
319 312 318
319 318 88
312 86 318
88 318 321
321 318 320
321 320 87
318 86 320
88 321 323
323 321 322
323 322 5
321 87 322
86 316 320
320 316 324
320 324 87
316 25 324
24 291 317
317 291 325
317 325 85
291 80 325
85 325 327
327 325 326
327 326 89
325 80 326
85 327 315
315 327 328
315 328 25
327 89 328
80 295 326
326 295 329
326 329 89
295 3 329
2 330 332
332 330 331
332 331 92
330 90 331
92 331 334
334 331 333
334 333 91
331 90 333
92 334 336
336 334 335
336 335 29
334 91 335
90 337 333
333 337 338
333 338 91
337 27 338
29 335 340
340 335 339
340 339 94
335 91 339
94 339 342
342 339 341
342 341 93
339 91 341
94 342 344
344 342 343
344 343 28
342 93 343
91 338 341
341 338 345
341 345 93
338 27 345
29 340 347
347 340 346
347 346 96
340 94 346
96 346 349
349 346 348
349 348 95
346 94 348
96 349 351
351 349 350
351 350 1
349 95 350
94 344 348
348 344 352
348 352 95
344 28 352
27 353 345
345 353 354
345 354 93
353 97 354
93 354 356
356 354 355
356 355 98
354 97 355
93 356 343
343 356 357
343 357 28
356 98 357
97 358 355
355 358 359
355 359 98
358 7 359
2 332 361
361 332 360
361 360 100
332 92 360
100 360 363
363 360 362
363 362 99
360 92 362
100 363 365
365 363 364
365 364 31
363 99 364
92 336 362
362 336 366
362 366 99
336 29 366
31 364 368
368 364 367
368 367 102
364 99 367
102 367 370
370 367 369
370 369 101
367 99 369
102 370 372
372 370 371
372 371 30
370 101 371
99 366 369
369 366 373
369 373 101
366 29 373
31 368 375
375 368 374
375 374 104
368 102 374
104 374 377
377 374 376
377 376 103
374 102 376
104 377 379
379 377 378
379 378 6
377 103 378
102 372 376
376 372 380
376 380 103
372 30 380
29 347 373
373 347 381
373 381 101
347 96 381
101 381 383
383 381 382
383 382 105
381 96 382
101 383 371
371 383 384
371 384 30
383 105 384
96 351 382
382 351 385
382 385 105
351 1 385
8 386 388
388 386 387
388 387 108
386 106 387
108 387 390
390 387 389
390 389 107
387 106 389
108 390 392
392 390 391
392 391 34
390 107 391
106 393 389
389 393 394
389 394 107
393 32 394
34 391 396
396 391 395
396 395 110
391 107 395
110 395 398
398 395 397
398 397 109
395 107 397
110 398 400
400 398 399
400 399 33
398 109 399
107 394 397
397 394 401
397 401 109
394 32 401
34 396 403
403 396 402
403 402 112
396 110 402
112 402 405
405 402 404
405 404 111
402 110 404
112 405 407
407 405 406
407 406 11
405 111 406
110 400 404
404 400 408
404 408 111
400 33 408
32 409 401
401 409 410
401 410 109
409 113 410
109 410 412
412 410 411
412 411 114
410 113 411
109 412 399
399 412 413
399 413 33
412 114 413
113 414 411
411 414 415
411 415 114
414 0 415
8 388 417
417 388 416
417 416 116
388 108 416
116 416 419
419 416 418
419 418 115
416 108 418
116 419 421
421 419 420
421 420 36
419 115 420
108 392 418
418 392 422
418 422 115
392 34 422
36 420 424
424 420 423
424 423 118
420 115 423
118 423 426
426 423 425
426 425 117
423 115 425
118 426 428
428 426 427
428 427 35
426 117 427
115 422 425
425 422 429
425 429 117
422 34 429
36 424 431
431 424 430
431 430 120
424 118 430
120 430 433
433 430 432
433 432 119
430 118 432
120 433 435
435 433 434
435 434 1
433 119 434
118 428 432
432 428 436
432 436 119
428 35 436
34 403 429
429 403 437
429 437 117
403 112 437
117 437 439
439 437 438
439 438 121
437 112 438
117 439 427
427 439 440
427 440 35
439 121 440
112 407 438
438 407 441
438 441 121
407 11 441
9 442 444
444 442 443
444 443 124
442 122 443
124 443 446
446 443 445
446 445 123
443 122 445
124 446 448
448 446 447
448 447 39
446 123 447
122 449 445
445 449 450
445 450 123
449 37 450
39 447 452
452 447 451
452 451 126
447 123 451
126 451 454
454 451 453
454 453 125
451 123 453
126 454 456
456 454 455
456 455 38
454 125 455
123 450 453
453 450 457
453 457 125
450 37 457
39 452 459
459 452 458
459 458 128
452 126 458
128 458 461
461 458 460
461 460 127
458 126 460
128 461 463
463 461 462
463 462 3
461 127 462
126 456 460
460 456 464
460 464 127
456 38 464
37 465 457
457 465 466
457 466 125
465 129 466
125 466 468
468 466 467
468 467 130
466 129 467
125 468 455
455 468 469
455 469 38
468 130 469
129 470 467
467 470 471
467 471 130
470 10 471
9 472 442
442 472 473
442 473 122
472 131 473
122 473 475
475 473 474
475 474 132
473 131 474
122 475 449
449 475 476
449 476 37
475 132 476
131 477 474
474 477 478
474 478 132
477 40 478
37 476 480
480 476 479
480 479 134
476 132 479
134 479 482
482 479 481
482 481 133
479 132 481
134 482 484
484 482 483
484 483 41
482 133 483
132 478 481
481 478 485
481 485 133
478 40 485
37 480 465
465 480 486
465 486 129
480 134 486
129 486 488
488 486 487
488 487 135
486 134 487
129 488 470
470 488 489
470 489 10
488 135 489
134 484 487
487 484 490
487 490 135
484 41 490
40 491 485
485 491 492
485 492 133
491 136 492
133 492 494
494 492 493
494 493 137
492 136 493
133 494 483
483 494 495
483 495 41
494 137 495
136 496 493
493 496 497
493 497 137
496 2 497
8 190 386
386 190 498
386 498 106
190 49 498
106 498 500
500 498 499
500 499 138
498 49 499
106 500 393
393 500 501
393 501 32
500 138 501
49 185 499
499 185 502
499 502 138
185 12 502
32 501 504
504 501 503
504 503 140
501 138 503
140 503 506
506 503 505
506 505 139
503 138 505
140 506 508
508 506 507
508 507 22
506 139 507
138 502 505
505 502 509
505 509 139
502 12 509
32 504 409
409 504 510
409 510 113
504 140 510
113 510 512
512 510 511
512 511 74
510 140 511
113 512 414
414 512 274
414 274 0
512 74 274
140 508 511
511 508 281
511 281 74
508 22 281
12 169 509
509 169 513
509 513 139
169 42 513
139 513 515
515 513 514
515 514 81
513 42 514
139 515 507
507 515 297
507 297 22
515 81 297
42 162 514
514 162 302
514 302 81
162 4 302
11 406 239
239 406 516
239 516 64
406 111 516
64 516 518
518 516 517
518 517 141
516 111 517
64 518 235
235 518 519
235 519 19
518 141 519
111 408 517
517 408 520
517 520 141
408 33 520
19 519 522
522 519 521
522 521 143
519 141 521
143 521 524
524 521 523
524 523 142
521 141 523
143 524 526
526 524 525
526 525 26
524 142 525
141 520 523
523 520 527
523 527 142
520 33 527
19 522 224
224 522 528
224 528 60
522 143 528
60 528 530
530 528 529
530 529 88
528 143 529
60 530 220
220 530 323
220 323 5
530 88 323
143 526 529
529 526 319
529 319 88
526 26 319
33 413 527
527 413 531
527 531 142
413 114 531
142 531 533
533 531 532
533 532 84
531 114 532
142 533 525
525 533 309
525 309 26
533 84 309
114 415 532
532 415 305
532 305 84
415 0 305
4 193 303
303 193 534
303 534 82
193 52 534
82 534 536
536 534 535
536 535 144
534 52 535
82 536 301
301 536 537
301 537 23
536 144 537
52 197 535
535 197 538
535 538 144
197 16 538
23 537 540
540 537 539
540 539 146
537 144 539
146 539 542
542 539 541
542 541 145
539 144 541
146 542 544
544 542 543
544 543 39
542 145 543
144 538 541
541 538 545
541 545 145
538 16 545
23 540 296
296 540 546
296 546 79
540 146 546
79 546 548
548 546 547
548 547 128
546 146 547
79 548 294
294 548 463
294 463 3
548 128 463
146 544 547
547 544 459
547 459 128
544 39 459
16 207 545
545 207 549
545 549 145
207 56 549
145 549 551
551 549 550
551 550 124
549 56 550
145 551 543
543 551 448
543 448 39
551 124 448
56 211 550
550 211 444
550 444 124
211 9 444
5 322 248
248 322 552
248 552 67
322 87 552
67 552 554
554 552 553
554 553 147
552 87 553
67 554 253
253 554 555
253 555 20
554 147 555
87 324 553
553 324 556
553 556 147
324 25 556
20 555 558
558 555 557
558 557 149
555 147 557
149 557 560
560 557 559
560 559 148
557 147 559
149 560 562
562 560 561
562 561 38
560 148 561
147 556 559
559 556 563
559 563 148
556 25 563
20 558 267
267 558 564
267 564 72
558 149 564
72 564 566
566 564 565
566 565 130
564 149 565
72 566 272
272 566 471
272 471 10
566 130 471
149 562 565
565 562 469
565 469 130
562 38 469
25 328 563
563 328 567
563 567 148
328 89 567
148 567 569
569 567 568
569 568 127
567 89 568
148 569 561
561 569 464
561 464 38
569 127 464
89 329 568
568 329 462
568 462 127
329 3 462
7 182 359
359 182 570
359 570 98
182 47 570
98 570 572
572 570 571
572 571 150
570 47 571
98 572 357
357 572 573
357 573 28
572 150 573
47 184 571
571 184 574
571 574 150
184 13 574
28 573 576
576 573 575
576 575 152
573 150 575
152 575 578
578 575 577
578 577 151
575 150 577
152 578 580
580 578 579
580 579 36
578 151 579
150 574 577
577 574 581
577 581 151
574 13 581
28 576 352
352 576 582
352 582 95
576 152 582
95 582 584
584 582 583
584 583 120
582 152 583
95 584 350
350 584 435
350 435 1
584 120 435
152 580 583
583 580 431
583 431 120
580 36 431
13 189 581
581 189 585
581 585 151
189 50 585
151 585 587
587 585 586
587 586 116
585 50 586
151 587 579
579 587 421
579 421 36
587 116 421
50 191 586
586 191 417
586 417 116
191 8 417
6 378 247
247 378 588
247 588 66
378 103 588
66 588 590
590 588 589
590 589 153
588 103 589
66 590 245
245 590 591
245 591 18
590 153 591
103 380 589
589 380 592
589 592 153
380 30 592
18 591 594
594 591 593
594 593 155
591 153 593
155 593 596
596 593 595
596 595 154
593 153 595
155 596 598
598 596 597
598 597 35
596 154 597
153 592 595
595 592 599
595 599 154
592 30 599
18 594 240
240 594 600
240 600 63
594 155 600
63 600 602
602 600 601
602 601 121
600 155 601
63 602 238
238 602 441
238 441 11
602 121 441
155 598 601
601 598 440
601 440 121
598 35 440
30 384 599
599 384 603
599 603 154
384 105 603
154 603 605
605 603 604
605 604 119
603 105 604
154 605 597
597 605 436
597 436 35
605 119 436
105 385 604
604 385 434
604 434 119
385 1 434
7 358 217
217 358 606
217 606 57
358 97 606
57 606 608
608 606 607
608 607 156
606 97 607
57 608 216
216 608 609
216 609 15
608 156 609
97 353 607
607 353 610
607 610 156
353 27 610
15 609 612
612 609 611
612 611 158
609 156 611
158 611 614
614 611 613
614 613 157
611 156 613
158 614 616
616 614 615
616 615 40
614 157 615
156 610 613
613 610 617
613 617 157
610 27 617
15 612 212
212 612 618
212 618 55
612 158 618
55 618 620
620 618 619
620 619 131
618 158 619
55 620 210
210 620 472
210 472 9
620 131 472
158 616 619
619 616 477
619 477 131
616 40 477
27 337 617
617 337 621
617 621 157
337 90 621
157 621 623
623 621 622
623 622 136
621 90 622
157 623 615
615 623 491
615 491 40
623 136 491
90 330 622
622 330 496
622 496 136
330 2 496
6 265 379
379 265 624
379 624 104
265 71 624
104 624 626
626 624 625
626 625 159
624 71 625
104 626 375
375 626 627
375 627 31
626 159 627
71 266 625
625 266 628
625 628 159
266 21 628
31 627 630
630 627 629
630 629 161
627 159 629
161 629 632
632 629 631
632 631 160
629 159 631
161 632 634
634 632 633
634 633 41
632 160 633
159 628 631
631 628 635
631 635 160
628 21 635
31 630 365
365 630 636
365 636 100
630 161 636
100 636 638
638 636 637
638 637 137
636 161 637
100 638 361
361 638 497
361 497 2
638 137 497
161 634 637
637 634 495
637 495 137
634 41 495
21 271 635
635 271 639
635 639 160
271 73 639
160 639 641
641 639 640
641 640 135
639 73 640
160 641 633
633 641 490
633 490 41
641 135 490
73 273 640
640 273 489
640 489 135
273 10 489
